Weights: 2073886.000000 
Weights: 2073886.000000 
Weights: 2073886.000000 
Weights: 2073886.000000 
