Weights: 4220775.000000 
Weights: 4220775.000000 
Weights: 4220775.000000 
Weights: 4220775.000000 
