Weights: 2100754.000000 
Weights: 2100754.000000 
Weights: 2100754.000000 
Weights: 2100754.000000 
